50 50
0.0000 0.5957 0.9423 0.6402 0.0000 0.4492 0.3768 0.0000 0.0000 0.0000 0.0088 0.2167 0.0000 0.4432 0.3394 0.1401 0.0884 0.0037 0.0000 0.0000 0.7977 0.0000 0.0000 0.2937 0.7114 0.4435 0.0000 0.2961 0.2621 0.2752 0.0000 0.0737 0.7922 0.0000 0.3004 0.0503 0.3361 0.8624 0.1519 0.3095 0.0000 0.0000 0.5309 0.0000 0.0000 0.5393 0.7945 0.0608 0.0000 0.8427
0.0000 0.0000 0.9310 0.7593 0.0000 0.1184 0.1260 0.3000 0.3767 0.6562 0.0000 0.8467 0.7785 0.0000 0.0000 0.6988 0.4787 0.3922 0.0000 0.0000 0.5492 0.5950 0.0596 0.0000 0.0000 0.0000 0.9192 0.4826 0.0736 0.0000 0.0000 0.0000 0.0000 0.0000 0.3428 0.5407 0.6051 0.0000 0.7768 0.0000 0.6615 0.0000 0.6557 0.5778 0.2874 0.7773 0.5216 0.4706 0.1236 0.8419 
0.0000 0.1554 0.0000 0.7666 0.0480 0.7636 0.0000 0.3505 0.4599 0.0485 0.2933 0.7453 0.0000 0.0000 0.9260 0.7527 0.0000 0.0000 0.0000 0.1452 0.3470 0.0000 0.8938 0.1418 0.0000 0.0000 0.8512 0.4775 0.9260 0.5414 0.5281 0.8421 0.1796 0.2762 0.1563 0.7841 0.6136 0.0000 0.6311 0.0000 0.0000 0.7313 0.0000 0.0000 0.0000 0.0000 0.1184 0.9740 0.0000 0.1245 
0.0000 0.9017 0.0000 0.0000 0.0000 0.0792 0.8741 0.0000 0.6049 0.8476 0.7152 0.0000 0.0000 0.0000 0.0000 0.9599 0.0000 0.0000 0.1936 0.0000 0.0000 0.0000 0.0000 0.0000 0.0000 0.0000 0.0751 0.0000 0.0000 0.0000 0.0841 0.9611 0.9652 0.9323 0.6869 0.1383 0.6477 0.0000 0.0000 0.4075 0.0000 0.0000 0.7035 0.0000 0.2247 0.0000 0.9956 0.1014 0.0000 0.8181 
0.6858 0.3952 0.0000 0.0000 0.8914 0.3823 0.4460 0.0000 0.8724 0.8850 0.2078 0.7958 0.0000 0.0000 0.0000 0.0000 0.0000 0.0000 0.0000 0.6914 0.0000 0.6202 0.4047 0.0000 0.0000 0.0000 0.1461 0.0000 0.0465 0.2457 0.0000 0.0000 0.0000 0.0000 0.0000 0.1730 0.0000 0.2601 0.0000 0.0000 0.0000 0.0000 0.9567 0.0000 0.0000 0.0000 0.6089 0.0000 0.6086 0.0000 
0.0000 0.2506 0.0000 0.0000 0.7850 0.0000 0.0000 0.0113 0.1235 0.0000 0.6436 0.0000 0.9015 0.3853 0.7673 0.0000 0.0000 0.8881 0.0760 0.0000 0.3526 0.9640 0.5607 0.8496 0.8518 0.7239 0.0000 0.0000 0.9459 0.6967 0.0000 0.0672 0.2901 0.1972 0.0000 0.0000 0.1574 0.0000 0.2961 0.2575 0.0000 0.0000 0.2163 0.5260 0.0000 0.0000 0.3209 0.2847 0.0765 0.8851 
0.1376 0.0000 0.6663 0.0013 0.8900 0.4983 0.9374 0.0000 0.0000 0.0000 0.0170 0.6973 0.0000 0.0000 0.0000 0.0000 0.7783 0.0000 0.0000 0.6525 0.5516 0.0000 0.0000 0.5174 0.4050 0.5406 0.0000 0.2737 0.0000 0.0000 0.1552 0.8825 0.1880 0.4358 0.0000 0.3631 0.8810 0.8012 0.0060 0.5895 0.4068 0.0309 0.4324 0.4132 0.0000 0.8855 0.0000 0.0000 0.2267 0.9747 
0.0000 0.5098 0.0000 0.0000 0.0000 0.0000 0.8215 0.2036 0.1919 0.0000 0.8898 0.0000 0.7325 0.7523 0.0000 0.0000 0.4039 0.0000 0.7218 0.0000 0.0000 0.4168 0.0000 0.0000 0.0000 0.9866 0.5391 0.0000 0.4237 0.0710 0.8457 0.0000 0.0000 0.0000 0.0000 0.6575 0.0000 0.0000 0.0000 0.3673 0.0000 0.0000 0.0000 0.6997 0.2736 0.1449 0.0000 0.3047 0.1119 0.9832 
0.8108 0.0000 0.0000 0.0000 0.0000 0.4678 0.3804 0.6925 0.1048 0.0000 0.0284 0.0000 0.1991 0.0000 0.2635 0.0000 0.9874 0.2066 0.0535 0.0000 0.0861 0.0000 0.0000 0.0000 0.0000 0.0000 0.0000 0.0000 0.3581 0.8346 0.0000 0.0290 0.1328 0.0000 0.0000 0.0000 0.1864 0.0000 0.9505 0.0000 0.9969 0.9505 0.9594 0.2268 0.2605 0.0000 0.3837 0.0000 0.0000 0.8756 
0.9591 0.0000 0.6307 0.0000 0.0000 0.2786 0.0930 0.2023 0.7436 0.0000 0.6817 0.0000 0.5294 0.8374 0.4663 0.3224 0.0000 0.5873 0.0000 0.0000 0.6395 0.0175 0.0367 0.0000 0.0551 0.0640 0.0714 0.9648 0.0832 0.4553 0.9562 0.5086 0.2103 0.0000 0.0000 0.9985 0.0000 0.9699 0.6731 0.0765 0.0000 0.0000 0.2117 0.0458 0.0000 0.5057 0.0000 0.9502 0.5776 0.0000 
0.0000 0.4394 0.6020 0.0000 0.2145 0.0000 0.6726 0.3239 0.0000 0.6341 0.0000 0.3556 0.0000 0.1526 0.0845 0.7388 0.8374 0.3675 0.1270 0.0000 0.0733 0.0000 0.8922 0.0000 0.0000 0.2348 0.0000 0.0000 0.7672 0.4871 0.7964 0.0000 0.0000 0.0000 0.3086 0.0000 0.5086 0.8071 0.0000 0.0000 0.7503 0.8618 0.5533 0.7956 0.9499 0.7458 0.0620 0.1904 0.0000 0.7465 
0.0000 0.0000 0.0000 0.1092 0.9767 0.0000 0.7733 0.9943 0.3173 0.7340 0.0000 0.8155 0.4154 0.0000 0.4466 0.5762 0.7627 0.0000 0.0000 0.0000 0.0000 0.6189 0.3148 0.8016 0.0000 0.7632 0.0000 0.2457 0.0000 0.5075 0.0000 0.1470 0.0000 0.1297 0.6607 0.0000 0.0000 0.0000 0.0732 0.2016 0.8507 0.0000 0.5958 0.0000 0.6773 0.9650 0.0000 0.0000 0.0000 0.0000 
0.8054 0.0000 0.7511 0.7984 0.2739 0.4129 0.2734 0.2149 0.2846 0.6845 0.4348 0.5598 0.2007 0.0000 0.6099 0.0000 0.0000 0.0000 0.7887 0.0614 0.9890 0.6215 0.9744 0.8547 0.0000 0.0000 0.0000 0.0000 0.0393 0.4455 0.3232 0.1550 0.8740 0.0000 0.0000 0.0000 0.0000 0.3521 0.3998 0.9111 0.3982 0.0000 0.4749 0.8941 0.0000 0.6875 0.6600 0.7747 0.8085 0.3180 
0.0000 0.0095 0.9142 0.0975 0.8643 0.0000 0.9578 0.0000 0.0000 0.8650 0.6739 0.0000 0.0000 0.0000 0.0000 0.0000 0.0000 0.0000 0.5562 0.0000 0.4514 0.0000 0.0000 0.3299 0.0000 0.0000 0.0000 0.0879 0.0000 0.3316 0.0000 0.8480 0.0816 0.1399 0.0000 0.2873 0.0000 0.8280 0.0000 0.0000 0.5548 0.0000 0.0000 0.3204 0.0000 0.7797 0.8774 0.5708 0.5595 0.7107 
0.0000 0.3321 0.9377 0.1175 0.0000 0.7942 0.3299 0.0000 0.0000 0.1146 0.0000 0.0000 0.0000 0.5495 0.6507 0.0000 0.0000 0.0000 0.0000 0.6131 0.7519 0.1626 0.7730 0.0000 0.0000 0.0000 0.0000 0.7715 0.8546 0.5427 0.0000 0.5943 0.0000 0.2631 0.4957 0.0000 0.0000 0.0000 0.0000 0.9914 0.0000 0.0000 0.1346 0.0000 0.3307 0.0151 0.8104 0.0000 0.0000 0.7276 
0.8010 0.0000 0.0000 0.0000 0.0000 0.4002 0.0000 0.8194 0.6922 0.9153 0.6415 0.6613 0.0000 0.0135 0.0000 0.0000 0.8636 0.0000 0.0000 0.1881 0.0000 0.0000 0.0000 0.2647 0.1812 0.5397 0.5186 0.7009 0.7846 0.2555 0.9151 0.0000 0.0000 0.3276 0.1766 0.0000 0.0000 0.2289 0.0000 0.1395 0.0000 0.0000 0.0000 0.5747 0.0000 0.6422 0.2490 0.5902 0.3607 0.7196 
0.0000 0.3356 0.4780 0.2238 0.0000 0.0000 0.4244 0.6218 0.0000 0.0913 0.1492 0.1495 0.0888 0.0000 0.0000 0.0000 0.6780 0.5529 0.8059 0.0000 0.0000 0.4000 0.0000 0.0000 0.0000 0.5739 0.2717 0.0000 0.6065 0.9131 0.5718 0.0000 0.0000 0.9852 0.0000 0.0000 0.0000 0.0181 0.0000 0.0000 0.0000 0.0000 0.0000 0.0000 0.0000 0.4608 0.5039 0.7142 0.6906 0.9927 
0.0000 0.0000 0.2688 0.5511 0.0591 0.2515 0.0000 0.0000 0.0000 0.0000 0.0000 0.0000 0.5382 0.0000 0.4877 0.0000 0.0000 0.0000 0.3044 0.1409 0.3421 0.0000 0.8390 0.0000 0.0000 0.0000 0.6300 0.2460 0.4785 0.0000 0.9931 0.7266 0.0292 0.5527 0.0000 0.6387 0.3782 0.2551 0.5583 0.0000 0.0000 0.0000 0.0000 0.0000 0.0000 0.0000 0.0000 0.7547 0.0000 0.0000 
0.0000 0.0000 0.0964 0.0000 0.4171 0.4968 0.8585 0.5953 0.6395 0.0000 0.0584 0.4851 0.0000 0.0000 0.1289 0.0000 0.0000 0.6727 0.0000 0.7670 0.1231 0.0000 0.0000 0.7181 0.6834 0.0337 0.9300 0.0000 0.5313 0.2034 0.5702 0.6893 0.0000 0.0000 0.2645 0.4341 0.7814 0.9233 0.0000 0.3940 0.0000 0.3900 0.6661 0.9547 0.9186 0.0000 0.3684 0.5629 0.0000 0.8004 
0.8983 0.0000 0.0000 0.9243 0.0000 0.0000 0.4131 0.0000 0.2033 0.2000 0.0028 0.0000 0.9836 0.0000 0.0000 0.0000 0.9205 0.0000 0.0000 0.7761 0.7943 0.5516 0.7114 0.0626 0.0000 0.0616 0.6064 0.2468 0.0018 0.7662 0.4254 0.9896 0.0000 0.0000 0.0703 0.1245 0.9684 0.0000 0.0000 0.8772 0.2404 0.0000 0.0000 0.0000 0.0000 0.5159 0.0000 0.0000 0.0788 0.6356 
0.0000 0.0000 0.0000 0.0000 0.0000 0.0000 0.6162 0.0000 0.6795 0.8396 0.7687 0.0000 0.0000 0.0000 0.0000 0.0546 0.0820 0.5430 0.3221 0.2444 0.0000 0.0223 0.1706 0.0000 0.9510 0.3384 0.0000 0.0000 0.0000 0.0000 0.0000 0.4979 0.0000 0.3702 0.6612 0.0000 0.0000 0.0000 0.4657 0.8927 0.2596 0.6803 0.0000 0.5309 0.0462 0.6782 0.2983 0.1053 0.0000 0.4675 
0.6823 0.7800 0.0000 0.8276 0.0000 0.0000 0.4281 0.0000 0.5043 0.6342 0.7267 0.4130 0.3563 0.3215 0.4624 0.6640 0.0000 0.6460 0.0000 0.3439 0.0000 0.5894 0.8467 0.0000 0.1779 0.0000 0.2966 0.0000 0.0000 0.0458 0.8000 0.0000 0.7961 0.3957 0.3199 0.9919 0.5509 0.0146 0.8592 0.5938 0.0000 0.8614 0.0000 0.7770 0.1049 0.3942 0.9760 0.0000 0.5105 0.0000 
0.3935 0.5553 0.9754 0.4479 0.8641 0.1429 0.0957 0.0000 0.3477 0.0000 0.0728 0.5444 0.0000 0.9654 0.2812 0.0000 0.0801 0.1458 0.1630 0.0000 0.5386 0.4690 0.0000 0.2653 0.6745 0.0000 0.1245 0.2518 0.5892 0.0000 0.3511 0.0000 0.5228 0.3352 0.0000 0.0000 0.0000 0.0235 0.4017 0.5047 0.0000 0.1296 0.0000 0.6130 0.9635 0.0000 0.0000 0.0000 0.0000 0.0897 
0.0000 0.3087 0.5292 0.0000 0.4474 0.0000 0.0000 0.0000 0.9400 0.7211 0.7379 0.0000 0.0000 0.0000 0.6391 0.0000 0.0353 0.0000 0.6416 0.3186 0.1011 0.0000 0.0810 0.0000 0.9021 0.2527 0.0000 0.0000 0.0000 0.0000 0.0000 0.0000 0.0000 0.0000 0.0000 0.0000 0.4949 0.3881 0.2636 0.2631 0.6995 0.0000 0.0000 0.0567 0.0000 0.7887 0.2923 0.0000 0.0000 0.0000 
0.8394 0.4846 0.0000 0.2335 0.2205 0.3143 0.0000 0.9954 0.0000 0.1891 0.0000 0.0000 0.8505 0.0000 0.8439 0.5283 0.6649 0.0000 0.0000 0.0000 0.3696 0.0000 0.0000 0.3174 0.8103 0.1026 0.0000 0.0000 0.2128 0.0000 0.4464 0.3866 0.0000 0.0000 0.7746 0.4742 0.7968 0.0249 0.9991 0.0000 0.0000 0.0000 0.2831 0.7678 0.0000 0.0000 0.0000 0.0351 0.0000 0.0000 
0.8704 0.0000 0.0000 0.7429 0.1093 0.0000 0.8666 0.8215 0.0038 0.0000 0.6603 0.6324 0.2105 0.4349 0.0000 0.0000 0.0000 0.9331 0.4573 0.1100 0.6799 0.9717 0.4354 0.2380 0.0000 0.8874 0.0000 0.9528 0.0000 0.3917 0.7633 0.0000 0.1001 0.0000 0.2239 0.0000 0.1025 0.0000 0.0214 0.0000 0.5169 0.0000 0.0000 0.0000 0.2587 0.0000 0.0000 0.0339 0.7497 0.0000 
0.5417 0.0000 0.8819 0.0000 0.0000 0.5614 0.0000 0.9687 0.0000 0.0000 0.7525 0.9493 0.7388 0.2635 0.0000 0.0875 0.6859 0.8105 0.1508 0.0000 0.0000 0.3138 0.0000 0.4870 0.0000 0.0000 0.7036 0.5961 0.0544 0.9712 0.0000 0.0000 0.5744 0.5744 0.5772 0.0000 0.6009 0.0000 0.1360 0.0000 0.0000 0.0000 0.0349 0.0000 0.4138 0.0000 0.2729 0.0000 0.0000 0.0000 
0.0000 0.0000 0.6896 0.0000 0.9856 0.0000 0.0000 0.0000 0.2469 0.7663 0.0000 0.0000 0.6667 0.5363 0.0000 0.9005 0.6669 0.0000 0.0000 0.0000 0.0000 0.0000 0.5434 0.0893 0.0278 0.9598 0.0000 0.7322 0.0000 0.8907 0.0000 0.8953 0.7943 0.5352 0.3424 0.0000 0.2808 0.4745 0.0086 0.0000 0.0000 0.0000 0.4248 0.7180 0.4105 0.6046 0.5909 0.9786 0.2760 0.0428 
0.0000 0.8707 0.0000 0.0000 0.8878 0.0000 0.3720 0.0000 0.0000 0.0000 0.1489 0.0000 0.0000 0.1693 0.0000 0.0000 0.1628 0.0000 0.5952 0.0000 0.0000 0.8515 0.0000 0.0000 0.0000 0.0441 0.0000 0.0000 0.0000 0.5901 0.2478 0.2185 0.0000 0.0000 0.0000 0.0000 0.7284 0.0000 0.0000 0.0000 0.1831 0.1069 0.0000 0.0000 0.0000 0.4531 0.1937 0.3720 0.1838 0.0000 
0.0000 0.0000 0.8868 0.0000 0.2135 0.5428 0.1653 0.0000 0.4483 0.0000 0.8226 0.4725 0.8795 0.6564 0.5479 0.0000 0.5186 0.4254 0.0000 0.0000 0.8121 0.0000 0.6420 0.0000 0.0000 0.1843 0.0000 0.9977 0.4884 0.0000 0.5092 0.7642 0.6746 0.0000 0.0000 0.0000 0.7253 0.2223 0.3831 0.0000 0.3462 0.8418 0.9753 0.2822 0.9756 0.6022 0.0000 0.0000 0.1869 0.4633 
0.1242 0.7000 0.7584 0.4797 0.6831 0.7180 0.2128 0.1404 0.0000 0.4807 0.0000 0.0000 0.9994 0.0000 0.0000 0.8808 0.0000 0.0000 0.0389 0.9486 0.8929 0.2123 0.9819 0.0000 0.2545 0.0000 0.6269 0.5188 0.4948 0.2466 0.0000 0.0000 0.0000 0.0638 0.1684 0.0000 0.6649 0.0000 0.7061 0.8581 0.2698 0.0225 0.0000 0.5581 0.0000 0.1990 0.9202 0.0000 0.0000 0.2751 
0.2290 0.5181 0.2561 0.0000 0.0000 0.0161 0.9765 0.0000 0.8988 0.9592 0.8445 0.3810 0.0896 0.0000 0.0000 0.7327 0.6826 0.4352 0.0000 0.0000 0.1432 0.3071 0.0000 0.6803 0.0000 0.5039 0.7347 0.0000 0.0000 0.0000 0.0000 0.0000 0.0000 0.0000 0.6480 0.0678 0.9947 0.1812 0.0000 0.0000 0.4605 0.5607 0.0000 0.0000 0.6562 0.8122 0.7764 0.0000 0.2966 0.1802 
0.0000 0.0000 0.8419 0.6545 0.6079 0.0000 0.4775 0.6116 0.3783 0.8663 0.0000 0.4803 0.4610 0.3016 0.0000 0.0000 0.5547 0.5760 0.1442 0.7212 0.2001 0.0000 0.2795 0.0000 0.6986 0.0000 0.0000 0.0000 0.0000 0.1906 0.0000 0.0000 0.0000 0.4219 0.2077 0.1387 0.0000 0.8138 0.3285 0.0000 0.4806 0.0000 0.0000 0.0670 0.0820 0.0000 0.3175 0.0000 0.3146 0.0000 
0.0000 0.3381 0.6540 0.0000 0.4202 0.8321 0.8742 0.0000 0.0000 0.0000 0.0000 0.5497 0.0000 0.0000 0.0000 0.0000 0.0000 0.3380 0.5420 0.0000 0.0000 0.2507 0.0000 0.3682 0.0000 0.0000 0.8497 0.8653 0.0741 0.9450 0.0153 0.0000 0.0793 0.0000 0.0000 0.7538 0.0000 0.3729 0.2094 0.0000 0.8363 0.0000 0.8581 0.7727 0.3481 0.9676 0.0000 0.0000 0.3251 0.0000 
0.0000 0.0000 0.0000 0.5641 0.0000 0.0000 0.0000 0.2214 0.5871 0.3167 0.7050 0.0718 0.0000 0.0910 0.0000 0.0000 0.1847 0.0000 0.1926 0.1565 0.2724 0.1827 0.0353 0.0710 0.0000 0.0000 0.0224 0.0000 0.6133 0.0000 0.2709 0.0000 0.4697 0.1757 0.8111 0.0193 0.0000 0.5132 0.0000 0.0000 0.9177 0.0000 0.0000 0.0000 0.0000 0.7482 0.0000 0.7796 0.0000 0.3655 
0.9632 0.3550 0.0000 0.0000 0.0000 0.8736 0.0000 0.0000 0.0000 0.7349 0.0000 0.4224 0.5142 0.3358 0.1146 0.0000 0.7868 0.0000 0.0000 0.4753 0.1436 0.4865 0.0000 0.0000 0.9069 0.0000 0.0000 0.0000 0.0000 0.4396 0.0000 0.0000 0.0000 0.6575 0.4606 0.1159 0.3491 0.2978 0.0000 0.0000 0.0000 0.0051 0.1666 0.8746 0.7351 0.0000 0.0000 0.0000 0.0699 0.0000 
0.1492 0.0000 0.0000 0.9396 0.0000 0.0000 0.0000 0.8809 0.3247 0.0000 0.0000 0.4632 0.7178 0.4284 0.0000 0.0000 0.5359 0.9503 0.4980 0.8175 0.0000 0.0000 0.7357 0.1582 0.7916 0.0137 0.7235 0.4924 0.0000 0.0000 0.3374 0.7548 0.7065 0.4426 0.8216 0.8160 0.8162 0.5011 0.0000 0.1637 0.0000 0.5840 0.9091 0.0000 0.0000 0.2896 0.3542 0.0000 0.3298 0.0000 
0.0000 0.7271 0.6984 0.0000 0.0000 0.0000 0.2788 0.8672 0.0853 0.0683 0.9683 0.6251 0.7702 0.0000 0.1454 0.0000 0.3139 0.0007 0.5595 0.0000 0.0000 0.0000 0.9221 0.0000 0.0000 0.0000 0.4453 0.0000 0.0000 0.0000 0.0000 0.3493 0.5131 0.0000 0.0893 0.7638 0.0000 0.3884 0.1478 0.3851 0.2725 0.2992 0.0000 0.0000 0.0115 0.2389 0.4619 0.0000 0.1408 0.3758 
0.0000 0.4526 0.5268 0.5514 0.3324 0.0000 0.0000 0.0000 0.2150 0.1491 0.0000 0.5605 0.0000 0.3286 0.6537 0.0000 0.7914 0.0000 0.8109 0.0000 0.0000 0.6829 0.0000 0.2826 0.0000 0.5207 0.5518 0.4816 0.0000 0.1424 0.3419 0.0000 0.8649 0.2468 0.0000 0.0000 0.1865 0.5263 0.0000 0.3826 0.0000 0.8443 0.0000 0.7090 0.0000 0.6851 0.3098 0.0144 0.0000 0.3236 
0.7496 0.2232 0.0000 0.9554 0.0156 0.8124 0.0000 0.1971 0.2539 0.4497 0.5827 0.0000 0.0000 0.5937 0.9670 0.4761 0.6218 0.0000 0.0000 0.6172 0.6176 0.0000 0.0000 0.0000 0.3740 0.0000 0.0000 0.6946 0.3047 0.3788 0.7567 0.5070 0.0000 0.0000 0.6150 0.4021 0.1980 0.5042 0.4701 0.0000 0.0000 0.1392 0.0000 0.4678 0.0000 0.0000 0.4800 0.0422 0.0000 0.0000 
0.0000 0.0913 0.3184 0.9954 0.0000 0.6184 0.7558 0.0000 0.0000 0.2761 0.0000 0.5340 0.0226 0.8235 0.2410 0.6521 0.0000 0.6289 0.1597 0.0000 0.0000 0.0000 0.0000 0.0000 0.0000 0.0000 0.0000 0.0000 0.7571 0.3318 0.2363 0.7108 0.0000 0.3273 0.5151 0.0000 0.4321 0.0000 0.0000 0.7988 0.0000 0.5429 0.9178 0.1393 0.0000 0.0000 0.9015 0.2763 0.0000 0.9437 
0.0650 0.5510 0.0000 0.0000 0.0121 0.1400 0.8560 0.6387 0.0000 0.0000 0.0000 0.8299 0.0000 0.0000 0.6991 0.0000 0.1398 0.0000 0.6689 0.0000 0.0000 0.0000 0.4667 0.9259 0.0000 0.8851 0.7070 0.6434 0.0000 0.0000 0.0000 0.0000 0.0000 0.2565 0.7035 0.0000 0.0000 0.7356 0.7638 0.0000 0.0000 0.0000 0.3948 0.0623 0.7003 0.0000 0.3956 0.0000 0.0000 0.8356 
0.2442 0.0000 0.9612 0.0000 0.0000 0.0000 0.0000 0.0000 0.9067 0.3187 0.0000 0.7672 0.0000 0.7554 0.0000 0.5965 0.1427 0.0000 0.0469 0.0000 0.8630 0.5925 0.0000 0.0797 0.0000 0.0000 0.0000 0.2471 0.8470 0.0723 0.0000 0.0000 0.0000 0.8146 0.8843 0.3702 0.8003 0.0000 0.8107 0.1786 0.0000 0.6943 0.6610 0.9901 0.3835 0.0000 0.7305 0.0762 0.0746 0.0000 
0.5349 0.3848 0.3752 0.0000 0.9729 0.0000 0.7131 0.3459 0.0000 0.0000 0.2438 0.7557 0.8849 0.0000 0.0000 0.0000 0.0000 0.3466 0.0734 0.5528 0.4167 0.0000 0.2245 0.0000 0.4782 0.0000 0.4993 0.6029 0.2858 0.0000 0.0000 0.5396 0.0000 0.0000 0.5195 0.0000 0.0000 0.0000 0.4782 0.5810 0.3908 0.9206 0.6764 0.2915 0.9636 0.0164 0.2221 0.8287 0.0000 0.0000 
0.7788 0.0000 0.0000 0.0000 0.0000 0.3027 0.8649 0.9273 0.0000 0.7515 0.4423 0.5426 0.0000 0.0000 0.0000 0.8751 0.0000 0.0000 0.0000 0.0000 0.9775 0.5955 0.5865 0.8830 0.7912 0.5123 0.5499 0.6395 0.0000 0.0000 0.0000 0.0000 0.0000 0.0000 0.0000 0.3311 0.3288 0.1484 0.0000 0.7271 0.3691 0.0000 0.0000 0.6064 0.0068 0.0000 0.1389 0.0000 0.0000 0.9643 
0.7205 0.0000 0.0000 0.9153 0.0000 0.7279 0.0000 0.4977 0.6373 0.0000 0.4847 0.0000 0.4116 0.2738 0.8847 0.9052 0.4577 0.4195 0.5516 0.0000 0.7904 0.0587 0.0000 0.0000 0.4658 0.7745 0.0000 0.0000 0.0000 0.0000 0.0000 0.0000 0.0000 0.0000 0.0000 0.7042 0.6763 0.0000 0.7756 0.4547 0.2258 0.0000 0.9363 0.6228 0.0000 0.0000 0.7333 0.8364 0.5945 0.3948 
0.6182 0.6772 0.0000 0.0000 0.0000 0.0173 0.0000 0.7389 0.0547 0.0000 0.2433 0.7291 0.4362 0.0015 0.2195 0.3881 0.7244 0.7671 0.2407 0.0355 0.9523 0.5305 0.1604 0.3628 0.2776 0.5807 0.6409 0.1189 0.0313 0.4808 0.0000 0.1541 0.9266 0.4122 0.0000 0.4038 0.0000 0.1532 0.8751 0.8773 0.0928 0.3326 0.6935 0.0000 0.0000 0.1709 0.0000 0.3459 0.3651 0.0000 
0.0000 0.3417 0.0000 0.0000 0.0000 0.0000 0.9154 0.1712 0.1934 0.9662 0.0000 0.4610 0.7349 0.0868 0.2153 0.0000 0.5706 0.0000 0.0000 0.3236 0.9573 0.5904 0.1201 0.0000 0.2767 0.1457 0.0000 0.0000 0.0000 0.0000 0.7191 0.0000 0.7551 0.0000 0.8479 0.0000 0.1609 0.0000 0.4269 0.0000 0.0000 0.8017 0.2064 0.6569 0.0000 0.2902 0.6858 0.3088 0.9427 0.0000 
0.0000 0.0000 0.2389 0.0000 0.6988 0.0000 0.1399 0.4452 0.6460 0.0851 0.0000 0.5120 0.2492 0.0000 0.3753 0.0000 0.5897 0.9952 0.0384 0.2657 0.3022 0.0000 0.0000 0.2061 0.0000 0.6337 0.0000 0.7156 0.0000 0.5355 0.0746 0.0000 0.1534 0.6837 0.3338 0.0000 0.8420 0.9480 0.0000 0.0000 0.0000 0.0000 0.0000 0.0000 0.7517 0.0272 0.0000 0.7441 0.0000 0.0000 
0.3368 0.0000 0.8014 0.1669 0.0000 0.6367 0.1432 0.8201 0.1785 0.0000 0.1794 0.1517 0.0000 0.4346 0.8800 0.4995 0.5680 0.0000 0.0876 0.4440 0.7046 0.9818 0.3581 0.0000 0.1153 0.2601 0.9953 0.8375 0.0000 0.7501 0.0000 0.0000 0.0000 0.0000 0.0000 0.7646 0.9757 0.8836 0.6409 0.9046 0.8107 0.6060 0.8574 0.1569 0.0000 0.3234 0.5065 0.0000 0.3933 0.0000 
