50 50
0.0000 0.0000 0.0000 0.0000 0.0000 0.0000 0.0000 0.0000 0.5660 0.0000 0.0000 0.0000 0.4006 0.1112 0.0000 0.8491 0.0000 0.4776 0.3835 0.0000 0.2177 0.5753 0.0000 0.0000 0.4705 0.5057 0.5075 0.0000 0.3235 0.0000 0.1122 0.0000 0.0000 0.3144 0.0000 0.0659 0.0000 0.1386 0.2540 0.0000 0.0000 0.0000 0.1460 0.8845 0.0000 0.1141 0.0000 0.0000 0.0000 0.9322
0.8407 0.0000 0.0000 0.0000 0.0000 0.0000 0.4622 0.0000 0.0000 0.0000 0.0000 0.0000 0.0000 0.0000 0.0000 0.0000 0.1920 0.0000 0.0000 0.2522 0.0000 0.0000 0.0000 0.0000 0.0000 0.0000 0.0000 0.0000 0.0000 0.8205 0.0000 0.0000 0.4203 0.2941 0.0000 0.8826 0.0000 0.0000 0.8690 0.0000 0.0000 0.8178 0.0000 0.0429 0.6837 0.0000 0.0000 0.8350 0.0000 0.2619 
0.0710 0.0000 0.0000 0.6007 0.0000 0.0000 0.0000 0.0339 0.5370 0.0000 0.0000 0.0000 0.0000 0.0000 0.0000 0.0000 0.0000 0.0000 0.0000 0.0000 0.0000 0.2231 0.6751 0.0000 0.0190 0.8462 0.0000 0.2162 0.0000 0.7628 0.0000 0.0000 0.2372 0.0720 0.0000 0.4302 0.0000 0.5914 0.9709 0.0000 0.6826 0.3999 0.0000 0.0000 0.0545 0.6381 0.0934 0.0000 0.3179 0.0000 
0.0000 0.0000 0.0000 0.6066 0.0000 0.0000 0.0000 0.4010 0.9347 0.0000 0.9629 0.0000 0.0000 0.0000 0.4851 0.9623 0.0726 0.0000 0.0000 0.0000 0.0000 0.1942 0.0000 0.0016 0.0000 0.8741 0.0000 0.0000 0.0000 0.8604 0.0000 0.0000 0.0000 0.0000 0.0000 0.0205 0.0074 0.3259 0.8027 0.0000 0.5316 0.9590 0.0000 0.0000 0.0000 0.0000 0.1083 0.8210 0.0000 0.6887 
0.0000 0.0000 0.8126 0.0000 0.0000 0.0000 0.0000 0.7806 0.4404 0.0000 0.7546 0.0000 0.0000 0.0000 0.9102 0.0000 0.0000 0.1399 0.0000 0.0000 0.8223 0.3113 0.2716 0.0000 0.0000 0.8259 0.2363 0.0000 0.2110 0.0000 0.0000 0.0000 0.0000 0.7988 0.0000 0.0000 0.3052 0.3765 0.0000 0.0198 0.5947 0.0000 0.0000 0.5251 0.0186 0.0000 0.3857 0.0000 0.0000 0.0000 
0.0000 0.0000 0.3457 0.1169 0.0000 0.0000 0.5223 0.0000 0.0000 0.8855 0.0000 0.0000 0.9725 0.7315 0.0000 0.5300 0.9998 0.0000 0.3459 0.0000 0.0000 0.0000 0.0000 0.0000 0.0000 0.0000 0.0000 0.0000 0.0000 0.0000 0.0000 0.3653 0.0000 0.0000 0.0000 0.0000 0.0000 0.0110 0.0076 0.2084 0.7619 0.0000 0.0000 0.0000 0.0000 0.0000 0.0000 0.7927 0.3418 0.0000 
0.0000 0.0571 0.1960 0.0000 0.0000 0.5838 0.9246 0.3701 0.0000 0.0000 0.0000 0.0000 0.2473 0.1339 0.0000 0.8837 0.0000 0.4822 0.3408 0.0000 0.0000 0.0000 0.3232 0.7133 0.3901 0.0000 0.0000 0.0000 0.0000 0.3311 0.5077 0.0000 0.0000 0.0000 0.0332 0.7821 0.0000 0.0000 0.7080 0.0000 0.0000 0.0000 0.0000 0.0000 0.7779 0.0000 0.2544 0.0000 0.0000 0.0000 
0.0000 0.3068 0.8180 0.0000 0.0000 0.1372 0.6976 0.0000 0.0000 0.0000 0.9399 0.0000 0.0000 0.0000 0.0000 0.0000 0.3960 0.0000 0.0000 0.0000 0.3762 0.0000 0.0000 0.0560 0.1281 0.1020 0.0000 0.7564 0.0000 0.8660 0.0000 0.0000 0.0000 0.9966 0.0985 0.1726 0.4845 0.9373 0.5096 0.0000 0.0000 0.0000 0.0000 0.0000 0.2163 0.0000 0.0515 0.0000 0.6500 0.4030 
0.0000 0.0000 0.2208 0.0000 0.0000 0.0480 0.0000 0.0000 0.0000 0.0000 0.4665 0.5704 0.0000 0.7295 0.0000 0.9704 0.5027 0.0000 0.0000 0.0000 0.0000 0.0000 0.0000 0.0000 0.0000 0.0000 0.3737 0.0000 0.7550 0.0000 0.4273 0.6189 0.0000 0.0000 0.0000 0.0000 0.0000 0.0000 0.0000 0.0000 0.0000 0.0000 0.0000 0.8345 0.0000 0.0000 0.1011 0.5049 0.0000 0.0000 
0.0000 0.0000 0.0000 0.0000 0.0000 0.8152 0.0000 0.0000 0.3801 0.0000 0.0000 0.1354 0.0000 0.7268 0.0986 0.0000 0.0000 0.7605 0.7035 0.0000 0.8779 0.0000 0.0000 0.8461 0.0000 0.0000 0.3278 0.0000 0.0000 0.1012 0.6930 0.0000 0.0000 0.0849 0.0000 0.5104 0.0000 0.0000 0.0000 0.4374 0.0000 0.2825 0.0000 0.0000 0.6980 0.5699 0.0000 0.0000 0.5030 0.0000 
0.0512 0.0000 0.0000 0.9128 0.0000 0.2780 0.0000 0.0000 0.6914 0.0494 0.0000 0.0000 0.0000 0.0000 0.0000 0.0000 0.3242 0.0206 0.0000 0.0000 0.1095 0.0000 0.2148 0.9259 0.0000 0.0000 0.6871 0.3659 0.9933 0.0000 0.0643 0.5125 0.8051 0.0000 0.0000 0.0000 0.7302 0.0000 0.0000 0.5975 0.1126 0.0000 0.0000 0.5466 0.8882 0.2552 0.0000 0.0000 0.3956 0.0000 
0.2546 0.4217 0.6704 0.0000 0.0000 0.0000 0.9231 0.0000 0.0000 0.0000 0.0000 0.1788 0.8982 0.6857 0.0000 0.7212 0.3913 0.0000 0.0000 0.8242 0.0000 0.0000 0.0000 0.0000 0.6231 0.8316 0.0848 0.0000 0.0000 0.0000 0.0259 0.0000 0.0000 0.0000 0.0107 0.0000 0.0000 0.8060 0.0970 0.0000 0.3349 0.4110 0.0000 0.0000 0.0000 0.0000 0.0000 0.9917 0.9817 0.0000 
0.0000 0.2188 0.3700 0.0000 0.1919 0.0000 0.1789 0.0000 0.0000 0.0000 0.0000 0.0000 0.0000 0.0000 0.6180 0.9433 0.0000 0.1592 0.8466 0.0000 0.0000 0.0000 0.0000 0.7407 0.3844 0.2606 0.7842 0.0000 0.3240 0.0000 0.3788 0.0000 0.0000 0.0000 0.9517 0.0000 0.0000 0.0000 0.0000 0.4397 0.0000 0.4952 0.0000 0.0000 0.0586 0.3091 0.0000 0.1280 0.0000 0.0000 
0.0197 0.0000 0.0000 0.0000 0.1348 0.0000 0.0000 0.0000 0.0000 0.3002 0.2327 0.6466 0.0000 0.3784 0.0000 0.7453 0.0000 0.0000 0.1742 0.8085 0.0000 0.0169 0.0000 0.0000 0.5948 0.0000 0.0000 0.3001 0.0000 0.0000 0.1603 0.0000 0.0182 0.8243 0.7179 0.0000 0.7698 0.0000 0.0000 0.9769 0.3088 0.2746 0.8841 0.4138 0.0000 0.0000 0.4776 0.7290 0.1509 0.4175 
0.0000 0.0000 0.0000 0.2345 0.0000 0.0000 0.0000 0.0000 0.0000 0.0000 0.0000 0.0000 0.1713 0.0000 0.9338 0.0000 0.0000 0.0000 0.5755 0.0000 0.3089 0.1234 0.0000 0.0000 0.6980 0.0000 0.9596 0.0518 0.7109 0.0000 0.8681 0.0000 0.7420 0.0000 0.0000 0.0000 0.9674 0.9414 0.1722 0.0000 0.7109 0.0000 0.0000 0.5884 0.3700 0.0000 0.0000 0.0000 0.0000 0.5047 
0.8323 0.2202 0.0000 0.0000 0.9569 0.0000 0.6402 0.0000 0.5761 0.0000 0.4440 0.0000 0.0000 0.0000 0.0000 0.5996 0.0000 0.3079 0.8703 0.3345 0.3118 0.0000 0.0000 0.7590 0.2591 0.0000 0.1305 0.5780 0.0000 0.0000 0.0000 0.0000 0.1333 0.5311 0.0000 0.0000 0.0000 0.0000 0.0000 0.0000 0.0000 0.0000 0.0000 0.0000 0.0000 0.0000 0.0000 0.0000 0.0000 0.0000 
0.0000 0.0000 0.5420 0.0000 0.0000 0.0000 0.2662 0.0000 0.0000 0.5862 0.2348 0.2810 0.5660 0.4504 0.0000 0.0000 0.0000 0.0000 0.0000 0.0000 0.0000 0.0000 0.8445 0.0369 0.1956 0.0000 0.0213 0.0000 0.5626 0.0000 0.0000 0.0538 0.0000 0.0000 0.0000 0.0000 0.3362 0.4585 0.8752 0.0000 0.0000 0.6896 0.2318 0.0000 0.0000 0.0000 0.4887 0.6569 0.0000 0.2066 
0.0000 0.9787 0.9213 0.1161 0.0000 0.9388 0.0000 0.4133 0.2370 0.0000 0.0264 0.0000 0.0000 0.0000 0.0000 0.0000 0.0000 0.6101 0.0000 0.0000 0.0000 0.9170 0.6459 0.6268 0.2203 0.5523 0.4699 0.0000 0.5851 0.0000 0.5271 0.0000 0.7452 0.6185 0.0000 0.5747 0.3254 0.0000 0.0000 0.5797 0.0475 0.0000 0.0000 0.1495 0.0000 0.5468 0.8652 0.0000 0.0000 0.1682 
0.4363 0.0000 0.0000 0.0000 0.0000 0.0000 0.0000 0.0000 0.2056 0.0000 0.7007 0.0000 0.2526 0.0000 0.0000 0.0843 0.0000 0.0929 0.9878 0.0000 0.0000 0.0000 0.0000 0.0000 0.0000 0.9825 0.0000 0.8840 0.0000 0.0000 0.0000 0.0000 0.0000 0.7608 0.0000 0.0000 0.0000 0.0000 0.0000 0.0000 0.0000 0.0000 0.0000 0.0000 0.0000 0.0000 0.0000 0.0000 0.0000 0.1185 
0.0000 0.0000 0.0000 0.0000 0.9081 0.4380 0.8266 0.0900 0.2962 0.0000 0.0000 0.3410 0.2579 0.0000 0.0000 0.0000 0.7655 0.0000 0.0000 0.0000 0.5158 0.0000 0.0000 0.2811 0.0000 0.0000 0.4693 0.0000 0.0000 0.0000 0.6981 0.0000 0.3787 0.0000 0.0000 0.0000 0.0000 0.0000 0.0000 0.6818 0.0000 0.4151 0.0065 0.9459 0.0000 0.0000 0.0000 0.8307 0.8696 0.8621 
0.5213 0.6553 0.1214 0.0000 0.0000 0.7112 0.7834 0.0000 0.0000 0.4893 0.0000 0.0000 0.0000 0.0000 0.0000 0.0000 0.0000 0.0000 0.8914 0.0000 0.0000 0.0000 0.1553 0.0000 0.0000 0.7588 0.1928 0.0000 0.0000 0.0000 0.0000 0.6915 0.0000 0.9658 0.0000 0.0711 0.0000 0.9059 0.0000 0.0000 0.0000 0.0000 0.0000 0.0000 0.0872 0.5073 0.3540 0.0000 0.0000 0.2314 
0.7711 0.0000 0.5616 0.0000 0.0000 0.0000 0.2905 0.0000 0.0000 0.0000 0.0000 0.0906 0.5243 0.3431 0.7597 0.0791 0.5379 0.0000 0.0000 0.0000 0.0000 0.0000 0.6837 0.0000 0.7603 0.0000 0.0000 0.0000 0.4253 0.0000 0.2477 0.0000 0.1917 0.0000 0.0000 0.0000 0.0000 0.0000 0.0000 0.0000 0.3189 0.0000 0.0000 0.0000 0.3985 0.3341 0.2553 0.0000 0.0000 0.0000 
0.5877 0.6497 0.4741 0.3011 0.0000 0.0000 0.6229 0.0000 0.0000 0.8910 0.8743 0.8313 0.7863 0.5306 0.0102 0.0000 0.3947 0.8796 0.0000 0.0179 0.0000 0.1120 0.1913 0.0000 0.6413 0.0000 0.0000 0.0000 0.4775 0.2248 0.0000 0.0000 0.0000 0.0000 0.5267 0.0000 0.0000 0.0000 0.0000 0.0000 0.6814 0.0000 0.0000 0.7442 0.0000 0.0000 0.0000 0.8183 0.0000 0.0000 
0.9204 0.0000 0.0000 0.0000 0.0000 0.0000 0.8579 0.5252 0.0000 0.1758 0.5456 0.0000 0.0000 0.8943 0.0000 0.0000 0.0000 0.5497 0.3158 0.5668 0.0000 0.0000 0.0000 0.4931 0.2259 0.0000 0.0000 0.0000 0.9972 0.0000 0.0000 0.9917 0.8308 0.7715 0.0000 0.0000 0.0000 0.0000 0.0000 0.8073 0.0000 0.0000 0.6373 0.1415 0.0000 0.0000 0.9114 0.0000 0.0000 0.0000 
0.2697 0.0000 0.0000 0.0000 0.9921 0.4588 0.0000 0.6356 0.0000 0.0000 0.6605 0.0000 0.0541 0.0000 0.0000 0.0000 0.0000 0.0000 0.0000 0.0000 0.0429 0.2774 0.0000 0.0000 0.0000 0.0742 0.6322 0.3474 0.5640 0.0033 0.0749 0.7508 0.0504 0.0000 0.0000 0.5152 0.0000 0.1752 0.0000 0.7629 0.0000 0.0000 0.0000 0.0000 0.5957 0.0000 0.8958 0.0000 0.8213 0.0000 
0.0000 0.0000 0.0000 0.6685 0.0000 0.6215 0.0000 0.0000 0.9887 0.0000 0.0000 0.0000 0.0000 0.0000 0.5785 0.0000 0.0000 0.4899 0.0000 0.6620 0.8094 0.1473 0.0000 0.0000 0.1064 0.0000 0.9813 0.0000 0.8260 0.7227 0.0000 0.0000 0.1808 0.0715 0.0851 0.0000 0.0000 0.0000 0.7908 0.0000 0.0000 0.0000 0.0000 0.0000 0.0000 0.3085 0.6631 0.7952 0.0000 0.0000 
0.6173 0.5624 0.0000 0.0000 0.8353 0.0000 0.4553 0.1796 0.0000 0.0103 0.9089 0.0000 0.6597 0.0000 0.0000 0.3731 0.6189 0.1628 0.1405 0.1320 0.0000 0.0000 0.0000 0.9593 0.6109 0.0000 0.3202 0.2865 0.0000 0.0000 0.0000 0.0000 0.0000 0.0000 0.0000 0.0000 0.1011 0.0000 0.0000 0.0000 0.0000 0.0000 0.0000 0.7045 0.0000 0.0000 0.0000 0.0000 0.8652 0.0000 
0.0000 0.0000 0.0000 0.0104 0.0000 0.0000 0.6759 0.0000 0.1710 0.0000 0.5694 0.0000 0.7575 0.1595 0.0000 0.0000 0.0000 0.4992 0.0000 0.0693 0.1238 0.0000 0.6593 0.0000 0.4850 0.0000 0.0000 0.4971 0.3592 0.0000 0.0000 0.0000 0.0000 0.0000 0.1490 0.0000 0.0000 0.0000 0.0000 0.7006 0.0000 0.0130 0.1698 0.1661 0.9259 0.0000 0.0000 0.7083 0.0000 0.1602 
0.0000 0.0000 0.0000 0.0000 0.0000 0.0000 0.0000 0.0000 0.3212 0.0000 0.6908 0.4520 0.0000 0.0000 0.0248 0.3394 0.7834 0.0000 0.4139 0.0000 0.7435 0.0000 0.4274 0.6846 0.9054 0.0000 0.0000 0.0000 0.7771 0.0000 0.4617 0.0000 0.4391 0.0000 0.0000 0.0000 0.0000 0.0000 0.0046 0.8575 0.4307 0.0000 0.7119 0.0000 0.0000 0.3600 0.0000 0.7814 0.6050 0.0000 
0.5420 0.0000 0.0000 0.6171 0.1375 0.0000 0.6818 0.0000 0.0000 0.4833 0.0000 0.7345 0.3756 0.4957 0.0000 0.7243 0.9876 0.8321 0.0000 0.0000 0.0000 0.0000 0.9964 0.0000 0.0000 0.9723 0.0000 0.0000 0.6096 0.0000 0.0000 0.0000 0.2498 0.9588 0.0000 0.9548 0.0000 0.0000 0.0000 0.6618 0.0000 0.0000 0.0000 0.4089 0.0940 0.0000 0.0000 0.0000 0.1046 0.0000 
0.0000 0.9612 0.0000 0.0000 0.0000 0.0000 0.9269 0.8500 0.0147 0.0000 0.0000 0.4850 0.0000 0.5633 0.7112 0.0000 0.0000 0.3117 0.0000 0.0000 0.0000 0.0000 0.6429 0.4220 0.6322 0.0000 0.0000 0.0000 0.0000 0.0000 0.0000 0.2418 0.0000 0.7634 0.0000 0.4801 0.3425 0.0000 0.0000 0.0000 0.0000 0.0000 0.1325 0.0000 0.0000 0.0000 0.0000 0.6323 0.0000 0.4579 
0.0342 0.0000 0.0000 0.0000 0.0000 0.5121 0.0026 0.0166 0.5936 0.7110 0.0000 0.0000 0.0000 0.0000 0.0000 0.0000 0.2331 0.7693 0.0000 0.2425 0.0000 0.0000 0.6680 0.1445 0.5273 0.0000 0.0000 0.2101 0.0000 0.5074 0.5035 0.5286 0.8145 0.0000 0.0000 0.0000 0.7782 0.0000 0.6040 0.0000 0.0000 0.9316 0.6547 0.0894 0.0731 0.0000 0.0000 0.0000 0.0000 0.7934 
0.0000 0.4241 0.0000 0.2358 0.0000 0.7534 0.0000 0.0000 0.0000 0.5641 0.0000 0.0000 0.0000 0.0000 0.0000 0.6610 0.0000 0.1436 0.6214 0.5437 0.0000 0.0000 0.9337 0.0002 0.0000 0.0836 0.0000 0.0000 0.6501 0.0000 0.0000 0.4584 0.0000 0.3507 0.4951 0.0000 0.0000 0.0000 0.2425 0.0000 0.3049 0.0000 0.0000 0.0812 0.9017 0.0000 0.5676 0.0000 0.1305 0.4984 
0.4857 0.0000 0.4277 0.0000 0.3974 0.0000 0.0000 0.0000 0.0000 0.0000 0.4479 0.7536 0.0000 0.0000 0.0000 0.4474 0.0000 0.0000 0.0017 0.0000 0.0000 0.0000 0.2503 0.0000 0.0000 0.0000 0.0000 0.0000 0.0000 0.4881 0.6241 0.2786 0.0000 0.0000 0.0000 0.0000 0.3291 0.0000 0.0000 0.0000 0.0000 0.0000 0.0000 0.0000 0.1130 0.0000 0.0000 0.7690 0.4707 0.0000 
0.6044 0.0000 0.0000 0.0000 0.5516 0.0000 0.0000 0.6898 0.5193 0.0000 0.0000 0.1447 0.0000 0.0000 0.3762 0.0000 0.0000 0.0000 0.0000 0.0000 0.0000 0.2045 0.0000 0.0000 0.0311 0.2255 0.0000 0.2455 0.0000 0.0000 0.1792 0.0000 0.8264 0.0000 0.0000 0.6020 0.0000 0.0000 0.7074 0.5306 0.0000 0.0000 0.3779 0.0000 0.0000 0.0000 0.0000 0.4923 0.0000 0.3315 
0.6409 0.9265 0.6404 0.0000 0.0000 0.0000 0.0000 0.0000 0.6229 0.7321 0.5839 0.8873 0.6465 0.2623 0.1143 0.0000 0.0000 0.0000 0.0000 0.0000 0.9214 0.0313 0.3553 0.0000 0.5633 0.0000 0.0000 0.0000 0.0000 0.0000 0.4699 0.0000 0.5228 0.0000 0.0000 0.0000 0.0000 0.4578 0.7274 0.0000 0.6710 0.0000 0.0000 0.9937 0.0000 0.9702 0.0000 0.4573 0.0000 0.0763 
0.8822 0.2072 0.0000 0.9633 0.0000 0.0000 0.9248 0.3912 0.0305 0.0000 0.0000 0.0000 0.6540 0.0000 0.0000 0.0000 0.0000 0.0000 0.0000 0.0000 0.7923 0.0000 0.9563 0.0000 0.0000 0.5555 0.0000 0.6546 0.0000 0.0000 0.2231 0.0000 0.0000 0.0000 0.5010 0.0000 0.0000 0.0000 0.0000 0.0000 0.6269 0.0000 0.0000 0.0000 0.3474 0.0000 0.0000 0.5833 0.1543 0.0000 
0.0000 0.0000 0.0000 0.0000 0.0000 0.0000 0.0000 0.0000 0.0000 0.0795 0.0000 0.5874 0.0000 0.0000 0.3626 0.0000 0.0000 0.0000 0.2130 0.0700 0.0000 0.0000 0.0000 0.4772 0.0000 0.7247 0.2482 0.0000 0.0000 0.1878 0.0000 0.0519 0.0000 0.0000 0.0000 0.4362 0.2300 0.0000 0.4398 0.7450 0.2147 0.6125 0.0000 0.3323 0.0000 0.0000 0.1094 0.0000 0.8172 0.0000 
0.0000 0.0000 0.0000 0.0000 0.0714 0.6253 0.0000 0.7772 0.0129 0.0000 0.0000 0.0000 0.0000 0.0000 0.0000 0.0000 0.2506 0.9773 0.0000 0.0000 0.0000 0.6729 0.0000 0.0000 0.0000 0.3030 0.0000 0.5721 0.2536 0.0000 0.0566 0.0000 0.0000 0.0000 0.0000 0.0000 0.0000 0.1899 0.0000 0.0000 0.3906 0.0000 0.0000 0.0000 0.0000 0.9222 0.0000 0.0000 0.2057 0.0587 
0.3672 0.8372 0.9896 0.0000 0.0000 0.0000 0.0000 0.0000 0.2007 0.7198 0.0000 0.0000 0.9858 0.0000 0.9729 0.0000 0.0000 0.0869 0.0000 0.0732 0.4708 0.0000 0.6702 0.1157 0.0000 0.0000 0.0274 0.0000 0.1823 0.0000 0.8394 0.0000 0.0000 0.0000 0.1750 0.3312 0.0000 0.0000 0.0000 0.0000 0.0000 0.3979 0.0000 0.0000 0.0000 0.0000 0.0000 0.0000 0.0000 0.0000 
0.6676 0.4285 0.0000 0.0000 0.0000 0.5930 0.1945 0.0000 0.0000 0.0000 0.3737 0.0000 0.3928 0.5103 0.8199 0.0864 0.0000 0.0000 0.0000 0.0000 0.0000 0.2049 0.7589 0.0000 0.0000 0.0000 0.0000 0.0000 0.8766 0.8870 0.9452 0.0000 0.0000 0.0000 0.0000 0.8021 0.0000 0.8799 0.1456 0.9701 0.0000 0.4240 0.1601 0.1510 0.5523 0.0000 0.1878 0.2979 0.0000 0.7303 
0.0000 0.9610 0.0000 0.0000 0.0000 0.0000 0.0000 0.0000 0.0000 0.0000 0.0000 0.0000 0.0000 0.0000 0.0000 0.6316 0.2105 0.0000 0.1319 0.0000 0.0000 0.0367 0.0000 0.0000 0.0000 0.0000 0.0000 0.0000 0.3506 0.0000 0.1851 0.0000 0.0000 0.0000 0.0000 0.0000 0.0000 0.0000 0.0000 0.0000 0.0264 0.6636 0.0000 0.0000 0.0000 0.4907 0.8344 0.0609 0.0000 0.3381 
0.0000 0.0000 0.4097 0.0000 0.0000 0.3138 0.0000 0.0000 0.0000 0.5614 0.0000 0.0000 0.4545 0.7532 0.0000 0.0000 0.6916 0.7171 0.0000 0.0000 0.0000 0.4830 0.0000 0.0000 0.0000 0.0000 0.4686 0.0000 0.0000 0.0000 0.5016 0.3808 0.0000 0.0000 0.9108 0.6469 0.0000 0.0000 0.0000 0.8482 0.0000 0.6430 0.1529 0.0000 0.1157 0.3131 0.0000 0.3351 0.7266 0.7509 
0.0000 0.0000 0.0000 0.0000 0.4520 0.0000 0.0000 0.7400 0.8187 0.9609 0.0000 0.6281 0.0000 0.0000 0.0000 0.0000 0.0484 0.1076 0.0000 0.0000 0.0000 0.0000 0.7664 0.0000 0.0000 0.0000 0.3119 0.8965 0.0000 0.0000 0.8251 0.0000 0.1984 0.0000 0.8793 0.2471 0.0000 0.8102 0.0000 0.9290 0.1700 0.3769 0.0000 0.0000 0.0000 0.0000 0.0000 0.6490 0.4750 0.1076 
0.0000 0.0000 0.0000 0.0000 0.0000 0.6918 0.2818 0.0000 0.6586 0.0000 0.8332 0.6110 0.0000 0.0000 0.0000 0.0000 0.0000 0.0654 0.5675 0.0000 0.0000 0.0000 0.9547 0.0000 0.3405 0.0000 0.0000 0.0000 0.0000 0.0000 0.8224 0.0769 0.0000 0.0000 0.5628 0.0000 0.0000 0.0000 0.0000 0.9493 0.0000 0.0000 0.5002 0.0000 0.3447 0.5045 0.0000 0.0000 0.0000 0.5313 
0.9282 0.0000 0.2430 0.6524 0.0000 0.5835 0.0000 0.2436 0.0000 0.0000 0.0000 0.1839 0.0000 0.0488 0.0000 0.0000 0.0000 0.0000 0.0000 0.0000 0.0000 0.0000 0.5280 0.0000 0.0000 0.0000 0.0000 0.6577 0.3300 0.0000 0.1683 0.1655 0.0000 0.0459 0.0000 0.2291 0.5768 0.4056 0.1633 0.0000 0.0000 0.3690 0.6022 0.9629 0.0000 0.0000 0.9912 0.0699 0.0000 0.0000 
0.0000 0.0000 0.0000 0.2318 0.2756 0.0000 0.8099 0.0000 0.0000 0.0000 0.0000 0.9758 0.0001 0.0000 0.0000 0.4724 0.0000 0.0000 0.4750 0.0000 0.0000 0.0000 0.0000 0.0000 0.0000 0.1293 0.0000 0.0000 0.0000 0.3665 0.0000 0.0000 0.0000 0.0000 0.4846 0.0000 0.0000 0.8037 0.0000 0.6825 0.0000 0.0000 0.0210 0.1333 0.0000 0.6373 0.0000 0.4151 0.0000 0.0745 
0.0000 0.8659 0.0000 0.0000 0.0000 0.3532 0.8656 0.3317 0.0000 0.0000 0.0000 0.6954 0.0000 0.6453 0.0000 0.0000 0.0000 0.0000 0.5619 0.0000 0.9269 0.0000 0.0000 0.5891 0.0000 0.0000 0.0000 0.0000 0.4117 0.5216 0.0000 0.0000 0.0000 0.0000 0.0000 0.0000 0.0000 0.0000 0.0000 0.0000 0.0000 0.0000 0.0000 0.0000 0.0000 0.0000 0.8782 0.4612 0.0000 0.4354 
0.5939 0.0750 0.0000 0.0000 0.0000 0.0000 0.0000 0.0000 0.0000 0.0000 0.0358 0.2941 0.0000 0.7569 0.7680 0.0896 0.3054 0.0000 0.0000 0.2048 0.0000 0.0000 0.0119 0.0000 0.6474 0.0000 0.7061 0.0000 0.0000 0.0000 0.7801 0.0000 0.0000 0.8474 0.0000 0.0000 0.0000 0.6751 0.0000 0.0000 0.6858 0.0000 0.0000 0.8146 0.0034 0.8804 0.0000 0.0000 0.0000 0.4475 
0.8205 0.0000 0.8284 0.0000 0.0000 0.8721 0.2751 0.0891 0.0044 0.0000 0.9343 0.0000 0.7315 0.0000 0.8212 0.1413 0.7015 0.6982 0.0000 0.3723 0.5690 0.3715 0.6195 0.0000 0.0000 0.0000 0.0000 0.6953 0.0000 0.3702 0.3792 0.3492 0.0000 0.7691 0.0000 0.0000 0.0000 0.0000 0.0000 0.0000 0.1098 0.0000 0.6672 0.0000 0.0000 0.9071 0.0000 0.0000 0.0000 0.7969 
